40.276169     111.911002     57000       18
40.111849     111.506407     52000       26
40.657677     111.971401     48000       16
40.673182     111.503500     40000       21
40.890672     111.996178     48000       22
40.289322     111.008571     58000       19
40.922029     111.274626     40000       19
40.555412     111.294825     58000       11
40.099199     111.588798     67000       25
40.994441     111.455662     54000       18
40.161546     111.714078     41000       15
40.321860     111.862120     63000       18
40.428560     111.177223     43000       20
40.803799     111.700523     53000       13
40.325382     111.047187     42000       10
40.133909     111.636727     51000       18
40.446235     111.515943     72000       26
40.425015     111.553705     52000       22
40.710651     111.260296     77000       19
40.652013     111.780095     78000       26
40.849059     111.397730     68000       16
40.632468     111.215955     77000       15
40.855897     111.635326     43000       19
40.358133     111.906665     51000       18
40.335058     111.761935     44000       15
40.235766     111.035310     75000       10
40.937791     111.421543     73000       14
40.616690     111.306399     72000       12
40.651542     111.239049     70000       19
40.958105     111.722280     59000       15
40.662169     111.866181     63000       22
40.690296     111.476253     74000       19
40.376600     111.427727     69000       24
40.249088     111.987534     48000       22
40.263245     111.015090     56000       13
40.719017     111.821800     76000       15
40.597268     111.533416     41000       27
40.554980     111.847525     42000       21
40.305812     111.430899     76000       16
40.271032     111.976778     53000       15
40.864805     111.706874     75000       20
40.013542     111.520975     68000       10
40.247996     111.272602     40000       13
40.846394     111.466712     59000       25
40.226494     111.042288     61000       27
40.634577     111.343671     63000       23
40.437262     111.940617     40000       14
40.766699     111.679606     63000       11
40.016920     111.811388     72000       13
40.834642     111.625708     63000       26
40.447162     111.290105     67000       22
40.298811     111.927880     61000       20
40.624331     111.001889     54000       14
40.387856     111.013540     40000       16
40.531143     111.750045     61000       16
40.961580     111.026793     40000       22
40.985872     111.522424     63000       17
40.966637     111.082733     53000       26
40.883591     111.224950     66000       28
40.556438     111.370011     48000       24
40.887556     111.755528     65000       28
40.118050     111.444377     54000       19
40.315339     111.491102     54000       11
40.085922     111.157093     65000       20
40.700981     111.255770     48000       12
40.754322     111.201154     61000       10
40.625846     111.692526     59000       27
40.902898     111.783811     73000       17
40.351084     111.869043     76000       20
40.640259     111.725123     44000       15
40.189019     111.178046     66000       16
40.926400     111.617263     77000       19
40.621575     111.005758     57000       12
40.405510     111.269498     69000       14
40.162815     111.156239     50000       21
40.810706     111.475965     42000       24
40.332987     111.146185     64000       13
40.875038     111.176878     47000       15
40.929766     111.758197     71000       23
40.540038     111.262064     67000       23
40.110139     111.348600     60000       14
40.935149     111.446479     48000       17
40.318926     111.038905     42000       12
40.004103     111.849482     75000       25
40.950857     111.825064     41000       25
40.282931     111.197353     44000       18
40.338567     111.088829     47000       29
40.885748     111.628571     40000       12
40.347453     111.847274     46000       26
40.651180     111.372185     73000       12
40.349464     111.811982     52000       22
40.342099     111.014413     49000       17
40.450071     111.944743     75000       17
40.975368     111.610155     53000       27
40.163841     111.520964     45000       27
40.899594     111.821366     70000       18
40.521741     111.704986     77000       11
40.350058     111.055072     62000       26
40.594750     111.441154     69000       16
40.110789     111.129288     43000       16
40.465892     111.422849     53000       21
40.994564     111.418529     45000       21
40.681777     111.564793     55000       13
40.470528     111.164959     48000       15
40.427189     111.362850     40000       29
40.156491     111.583328     54000       16
40.654939     111.282586     59000       16
40.979070     111.702754     56000       18
40.716591     111.780585     49000       22
40.381055     111.590729     63000       18
40.690157     111.499109     60000       24
40.422775     111.568203     52000       11
40.604228     111.929813     73000       22
40.677279     111.921067     68000       17
40.473954     111.833777     70000       20
40.755673     111.382713     75000       29
40.793684     111.690743     40000       22
40.242205     111.450460     52000       18
40.396480     111.268588     78000       25
40.979196     111.702745     64000       13
40.744837     111.868998     45000       26
40.843251     111.480483     66000       14
40.991588     111.646198     58000       25
40.187941     111.026875     40000       20
40.978096     111.607389     40000       24
40.098523     111.410905     59000       15
40.748553     111.587964     55000       17
40.266883     111.723496     54000       22
40.270657     111.244507     41000       28
40.486140     111.310523     72000       10
40.137056     111.204033     58000       22
40.364109     111.084004     45000       16
40.367486     111.662582     56000       18
40.316819     111.174605     47000       18
40.166891     111.841081     63000       16
40.231895     111.353846     65000       23
40.770060     111.056361     45000       16
40.338849     111.610768     75000       21
40.895290     111.664117     45000       11
40.820851     111.519210     42000       13
40.050192     111.786054     50000       10
40.440263     111.124029     61000       19
40.393116     111.125491     51000       22
40.854464     111.721834     62000       22
40.352346     111.758642     51000       23
40.757896     111.866164     62000       27
40.979031     111.036762     52000       23
40.216661     111.689518     66000       24
40.605175     111.617997     55000       10
40.695064     111.448928     76000       11
40.267189     111.649729     77000       25
40.799159     111.365682     60000       20
40.943116     111.967034     55000       10
40.045944     111.203882     61000       21
40.285265     111.665468     48000       14
40.409174     111.717528     72000       20
40.845046     111.243128     76000       20
40.892021     111.596645     52000       20
40.688709     111.640573     66000       14
40.596423     111.328112     77000       15
40.104373     111.616840     63000       12
40.800169     111.598011     54000       25
40.803841     111.735594     79000       12
40.970824     111.021343     51000       20
40.450713     111.075958     42000       27
40.348407     111.890300     40000       14
40.803609     111.961570     53000       20
40.132534     111.228567     44000       20
40.116297     111.431177     59000       24
40.228809     111.290949     79000       13
40.979067     111.007873     62000       12
40.592255     111.738035     43000       23
40.971357     111.372702     72000       28
40.331603     111.637353     76000       15
40.587497     111.781764     71000       21
40.624491     111.640946     61000       24
40.804636     111.501458     53000       28
40.863605     111.262271     60000       16
40.701888     111.032251     63000       27
40.456732     111.825781     67000       29
40.582422     111.834513     41000       15
40.870658     111.747289     64000       26
40.470512     111.865054     42000       21
40.374461     111.011678     64000       29
40.938544     111.068377     72000       17
40.549940     111.756525     54000       25
40.130732     111.750815     51000       20
40.521294     111.646388     53000       19
40.006981     111.599748     59000       12
40.595408     111.792248     60000       10
40.465925     111.375755     64000       14
40.435358     111.728964     63000       25
40.958204     111.221506     68000       26
40.019326     111.780803     77000       25
40.403355     111.645672     63000       26
40.711695     111.815296     74000       22
40.112276     111.599711     77000       19
40.545012     111.578195     42000       14
40.425896     111.514936     70000       10
40.874763     111.798691     52000       13
40.319958     111.209252     79000       17
40.740507     111.101118     56000       21
40.010063     111.428449     73000       17
40.328247     111.060224     40000       13
40.893456     111.772858     63000       22
40.638762     111.646758     48000       17
40.552629     111.814747     62000       17
40.598846     111.896067     69000       13
40.868669     111.368288     51000       10
40.105783     111.603522     72000       14
40.150408     111.702667     75000       21
40.468408     111.752513     66000       13
40.850449     111.996656     76000       22
40.721706     111.699162     60000       15
40.141830     111.524443     47000       13
40.691076     111.344183     40000       25
40.362926     111.342735     69000       20
40.338259     111.941560     49000       15
40.790991     111.058538     54000       27
40.999564     111.666777     44000       15
40.151623     111.804361     58000       10
40.786164     111.723735     47000       20
40.727755     111.221968     77000       12
40.932444     111.821743     72000       24
40.588220     111.268210     51000       26
40.803603     111.166080     65000       25
40.381232     111.681830     54000       16
40.561685     111.384863     53000       12
40.459323     111.005674     78000       20
40.127372     111.617210     67000       22
40.335259     111.578940     47000       26
40.600579     111.321889     79000       10
40.396575     111.944535     52000       24
40.676453     111.526577     47000       27
40.267019     111.774262     51000       21
40.244619     111.589198     44000       18
40.867575     111.225786     43000       22
40.817528     111.317649     46000       10
40.424132     111.094544     42000       29
40.794556     111.072544     42000       26
40.508165     111.713250     74000       12
40.147011     111.845161     70000       23
40.768855     111.892424     52000       14
40.968546     111.288467     44000       16
40.071184     111.116562     43000       23
40.977192     111.913041     77000       13
40.334672     111.595313     73000       12
40.400351     111.785920     56000       23
40.001286     111.792224     58000       18
40.557426     111.794904     57000       29
40.661679     111.715613     61000       15
40.198672     111.785158     72000       29
40.648154     111.576630     43000       28
40.886514     111.854713     42000       23
40.610788     111.372946     71000       13
40.398813     111.730808     52000       17
40.101608     111.199536     41000       17
40.030443     111.063746     45000       25
40.407746     111.749955     73000       26
40.446518     111.929863     40000       15
40.193816     111.743881     58000       16
40.010935     111.288454     78000       13
40.488087     111.001281     74000       11
40.523711     111.716011     55000       15
40.159967     111.122427     55000       20
40.294389     111.753280     67000       24
40.952006     111.067084     63000       13
40.050214     111.911336     59000       16
40.995202     111.794422     48000       25
40.517050     111.618800     64000       22
40.089275     111.136224     64000       21
40.301776     111.136721     63000       22
40.580005     111.654515     70000       26
40.518917     111.448679     67000       21
40.191143     111.360163     71000       17
40.984979     111.504147     68000       22
40.978221     111.696264     50000       22
40.823981     111.743220     70000       20
40.467824     111.958867     68000       10
40.249884     111.767923     60000       11
40.922822     111.235588     66000       24
40.055034     111.201673     59000       12
40.372966     111.378383     44000       12
40.932525     111.337377     78000       17
40.797799     111.024023     51000       11
40.174133     111.932980     63000       26
40.583260     111.372265     64000       20
40.466390     111.989821     54000       23
40.475323     111.883179     65000       14
40.020782     111.192891     70000       25
40.672087     111.173137     74000       12
40.534398     111.358151     48000       18
40.172679     111.742712     51000       25
40.114421     111.096247     48000       12
40.577536     111.606233     43000       10
40.034323     111.600070     41000       21
